7766393674
7468286697
8157287322
6656485255
7899574412
7778891084
8013013908
7978415320
7925408641
7920001168
8468587752
8370591324
8325914898
7939472275
7781871858
7666290948
8497761199
8052399504
8001400133
7839554789
7631515994
7444860308
8220721210
7907451407
7872028757
8232279006
8272314746
8184775274
7945534579
7846898322
8387809630
8280660868
8206022910
8189506101
7851918600
8377114041
8302382664
8492867006
8400066692
7378125224
7341346066
7723486614
8476044894
8304513292
8223404964
8049226075
7866177694
7613850151
8247508530
8243039823
8142421599
8046705627
8113191107
8007009580
7952515956
7764745994
7275050844
8236447240
7820057456
7484921451
8350242010
8084386045
7667044575
8471047071
8065377375
7702112452
7646137706
7964251864
7609504388
8036717689
8027752554
8143714601
8085241154
7737002606
8401538924
8021013429
7660850123
8026758169
8019273357
7932037282
7737201764
8032008685
7768901820
7763312856
8045966551
8021914984
7905732517
7940240806
7921564370
7685731007
7643482008
7747807683
7597623149
8183068485
8114338671
7628517574
8409968386
8014041013
7840344959
7705194367
7952892577
7857934337
7526636251
7972504931
7053865714
7596019139
7519948357
6526889397
8162839935
8015254599
7894100012
7930487658
7790613919
7785324144
7773804330
7994398032
7591715964
8399423604
8374197593
8335815257
7987670230
8284148350
8144057871
7857405463
7601227533
7295003299
8055862416
7957538946
7308082241
7005449273
7964230253
7790456711
7303271299
8408173822
8259612907
7551973591
8195563583
8029977657
7810194605
8317727093
7901157857
7823471910
7736050861
7871655660
7711788406
8439753112
8268486654
8127358962
7627747859
7231237759
8358241812
7937064829
7906947244
6294759533
8262871980
7808583724
7778034492
7394685513
8337767132
8178482389
7604853286
7615657956
7987475894
7771607177
7611563446
8164116134
8466190680
8249446009
7891877390
7792301528
7714430439
8258703486
7742467178
7632691310
7521812093
8377215887
8191727650
7780747837
7754470201
7771477943
7907844948
8087852698
7853112816
8228038476
8130489217
8086838428
8409529398
8024817248
7809831730
7679484345
8246982446
8193648891
7432881402
7329370605
8431333264
8193088587
7947000489
8266355688
8247469391
7633118953
8452196638
8450229409
8199419763
8035036651
7866146094
7349739570
8271312989
8015694516
8134671110
8056263294
8064396685
7900034856
7828985411
8210162001
8058574264
7855423511
7665851235
7466522737
6316602977
8112685007
7883579421
7633903509
8451995992
6564323265
7585510872
8377685037
7969233694
7903977401
7739700817
8290766683
7599937282
8310985342
8411215072
7813332802
7679928175
7413944617
8368727315
8013860940
7537522482
7508001328
7900885686
8113586101
8079651220
8032105397
8159605242
7226382668
8263277968
8262993339
7969698178
7946146993
7940973409
8285737120
8094055237
7678110419
7406971958
7393576467
8449990835
7840362614
7519785484
7843729959
7168043423
7420481057
7440120964
8131359317
7914161855
7955462097
7750531147
7502456152
7195885554
7549670477
8102957516
8088297842
7528364269
8093426828
7798502856
7798188682
8458762735
8382977963
8219025313
7887279422
8064345187
7982608451
7925177064
7666127372
7395456231
7768722577
7476162078
7409417276
8488385106
7830747017
8110060109
8091803366
8056619675
7999801406
7979047705
8487591386
8102505560
8019386833
7849107748
8424810773
8334851641
8298845661
8273336256
8265389681
8037692355
8029262879
8498930393
8450189797
8423106497
8387792700
7952961149
7085375662
8381679144
7761116804
8419162434
8022468028
7387123411
8475910391
8302211056
8221204301
8198703493
7920326485
8177762452
8366851341
7932943211
8173564276
8090491450
7983228046
8386176635
8208570905
8056181053
7212227778
7625766416
7344507952
8238508839
8128598288
8260155450
8043329249
8297325178
8433374830
7934817413
7603866046
8004073380
7629060796
8019927271
7943017329
7477371674
8418633686
8277536100
8195575191
7571455395
8381819381
8251210721
7897950277
8209759324
8412960332
8285901600
8113116524
8243075386
8404983674
8203518441
8283278671
8153418232
8298757881
8319321450
8334619724
7681394411
8267665470
8135356136
7529153221
8497392393
7392369135
7819826981
8487672285
7733493229
8326800247
8388141268
8180303980
8378920528
8330099600
7625717478
8265317871
8235929324
8361754524
7957060136
7441013104
7963360375
7636267479
8399233443
7554498398
8394764903
8027846481
7444539027
8306706349
8115741197
7667613875
7949144166
8259589205
8204479479
8499431647
8457363604
8347855425
8024166279
8152740635
7623350721
8347453469
8029889045
8376188481
7823597249
7601330544
8040590600
8379517030
8094125523
8407909814
8324111586
8476785780
8327752453
8092436575
7127069196
8427128529
8327813354
8212033086
8094414898
7831809286
8311896779
8053702249
7409416355
8198133143
8165851534
8280882691
8440247886
8325185974
7611584979
8364376231
7934334669
8358447304
8164616748
8039189794
7917755009
